# Created by Octave 6.1.0, Mon Apr 12 12:01:25 2021 PDT <francischua@Francis-MBP.local>
# name: data_grams
# type: matrix
# rows: 100
# columns: 1
 67.046108241405278
 66.982542462538632
 67.006205544189001
 67.047677937148848
 66.946802644627553
 66.96475856988809
 66.971891061725373
 67.014290915876245
 67.021980422515156
 66.920206403322709
 66.931248078213443
 66.956978248986076
 66.914037889675427
 66.979977294241479
 66.953606592160455
 66.930901084956531
 66.935618191038515
 67.03430551698888
 67.001736699387408
 66.972405367336393
 67.035294778223459
 66.920743640724979
 67.011681155947215
 67.010365911830817
 66.985643857033679
 66.932109513322828
 66.990654708910384
 66.948516068345228
 66.925011925728469
 66.936136267353618
 67.032857982493738
 66.91612843621256
 66.940372469729269
 66.913619685095583
 66.968614101588884
 66.90788289366624
 67.033176874000503
 66.933876298626373
 66.919235270750036
 66.949569258016581
 66.970646174275103
 66.920411636546319
 67.047096493895111
 66.953074159141892
 66.948148911152117
 66.914794910122055
 66.948276083015088
 66.912570291799312
 66.977644439193384
 67.013932119438323
 66.995454172388534
 66.918742141497503
 66.917462248478728
 67.016173846055821
 67.034302849993679
 66.981662174162977
 66.921472609557014
 67.02305840560102
 66.953925351640208
 66.947670680266512
 67.011789928376999
 66.907465215650177
 66.912867410339146
 67.000677110233056
 66.99154158670801
 66.980575024526516
 67.009436314285637
 67.006253181543471
 67.016760197092552
 66.946820736293304
 67.00416640907028
 66.984907949106145
 66.962206822348449
 66.914730477054889
 67.016589881588871
 66.953852512729384
 66.992164992354532
 67.011072761516942
 66.920857277049734
 66.924128177834234
 66.983897310169411
 66.974781268666916
 67.032224927524396
 67.019252619521723
 67.010092848613908
 66.913276294856431
 66.916331491147275
 66.918548767408893
 67.019166234988148
 67.039671403784155
 67.002916682388886
 66.924722758972393
 67.008446203496348
 66.921642605881061
 66.922654611792524
 66.996821765580421
 66.952609414941776
 66.998677854202953
 67.012189384894924
 66.988666577433733


